0.22790E-02 0.17131E-04 0.00000E+01 42003 0 0 7310 0.32090E+07 0.00000E+01 0.22790E-02
1 0.0023359 0.00019218 3.6794 0.15913 0.0023359
2 0.0023061 5.9929e-05 1.6436 0.039261 0.0023061
3 0.002294 3.1737e-05 1.2374 0.01546 0.002294
4 0.0022524 0.00023011 4.569 0.20559 0.0022524
5 0.0022201 5.2631e-05 1.4993 0.020999 0.0022201
6 0.0022655 3.0646e-05 1.2099 0.011067 0.0022655
7 0.0023137 0.00027955 5.4033 0.32818 0.0023137
8 0.0022004 5.4381e-05 1.5631 0.027195 0.0022004
9 0.0023115 3.2056e-05 1.2404 0.016985 0.0023115
