


                  Event listing (HEP format)            Event:        1

    I  particle/jet     ISTHEP    IDHEP     JMOHEP      JDAHEP    PHEP(1,I)   PHEP(2,I)   PHEP(3,I)   PHEP(4,I)   PHEP(5,I)
    1  !e+!                  3      -11     0     0     0     0     0.00000     0.00000     5.00000     5.00000     0.00051
    2  !e-!                  3       11     0     0     0     0     0.00000     0.00000    -5.00000     5.00000     0.00051
    3  !e+!                  3      -11     1     0     0     0     0.00000     0.00000     5.00000     5.00000     0.00000
    4  !e-!                  3       11     2     0     0     0    -0.00000     0.00000    -5.00000     5.00000     0.00000
    5  !e+!                  3      -11     3     0     0     0     0.00000     0.00000     5.00000     5.00000     0.00000
    6  !e-!                  3       11     4     0     0     0     0.00000     0.00000    -5.00000     5.00000     0.00000
    7  !gamma!               3       22     5     6     0     0    -0.00003     0.00007     0.29834     0.29834     0.00000
    8  !e+!                  3      -11     5     6     0     0    -0.00155     0.00096     4.70166     4.70166     0.00051
    9  !e-!                  3       11     6     7     0     0     0.00158    -0.00102    -5.00000     5.00000     0.00051
   10  gamma                 1       22     7     0     0     0    -0.00003     0.00007     0.29834     0.29834     0.00000
   11  e+                    1      -11     8     0     0     0    -0.00155     0.00096     4.70166     4.70166     0.00051
   12  e-                    1       11     9     0     0     0     0.00158    -0.00102    -5.00000     5.00000     0.00051
   13  gamma                 1       22     1     0     0     0    -0.00000    -0.00000     0.00000     0.00000     0.00000
   14  gamma                 1       22     2     0     0     0     0.00000    -0.00000    -0.00000     0.00000     0.00000



                  Event listing (HEP format)            Event:        2

    I  particle/jet     ISTHEP    IDHEP     JMOHEP      JDAHEP    PHEP(1,I)   PHEP(2,I)   PHEP(3,I)   PHEP(4,I)   PHEP(5,I)
    1  !e+!                  3      -11     0     0     0     0     0.00000     0.00000     5.00000     5.00000     0.00051
    2  !e-!                  3       11     0     0     0     0     0.00000     0.00000    -5.00000     5.00000     0.00051
    3  !e+!                  3      -11     1     0     0     0    -0.00000    -0.00000     5.00000     5.00000     0.00000
    4  !e-!                  3       11     2     0     0     0    -0.00000    -0.00000    -5.00000     5.00000     0.00000
    5  !e+!                  3      -11     3     0     0     0     0.00000     0.00000     5.00000     5.00000     0.00000
    6  !e-!                  3       11     4     0     0     0     0.00000     0.00000    -5.00000     5.00000     0.00000
    7  !gamma!               3       22     5     6     0     0    -0.00035    -0.00044     2.35229     2.35229     0.00000
    8  !e+!                  3      -11     5     6     0     0     0.00097    -0.00090     2.64771     2.64771     0.00051
    9  !e-!                  3       11     6     7     0     0    -0.00063     0.00134    -5.00000     5.00000     0.00051
   10  gamma                 1       22     7     0     0     0    -0.00035    -0.00044     2.35229     2.35229     0.00000
   11  e+                    1      -11     8     0     0     0     0.00097    -0.00090     2.64771     2.64771     0.00051
   12  e-                    1       11     9     0     0     0    -0.00063     0.00134    -5.00000     5.00000     0.00051
   13  gamma                 1       22     1     0     0     0     0.00000     0.00000     0.00000     0.00000     0.00000
   14  gamma                 1       22     2     0     0     0     0.00000     0.00000    -0.00000     0.00000     0.00000



                  Event listing (HEP format)            Event:        3

    I  particle/jet     ISTHEP    IDHEP     JMOHEP      JDAHEP    PHEP(1,I)   PHEP(2,I)   PHEP(3,I)   PHEP(4,I)   PHEP(5,I)
    1  !e+!                  3      -11     0     0     0     0     0.00000     0.00000     5.00000     5.00000     0.00051
    2  !e-!                  3       11     0     0     0     0     0.00000     0.00000    -5.00000     5.00000     0.00051
    3  !e+!                  3      -11     1     0     0     0    -0.00000    -0.00000     5.00000     5.00000     0.00000
    4  !e-!                  3       11     2     0     0     0    -0.00000     0.00000    -5.00000     5.00000     0.00000
    5  !e+!                  3      -11     3     0     0     0     0.00000     0.00000     5.00000     5.00000     0.00000
    6  !e-!                  3       11     4     0     0     0     0.00000     0.00000    -5.00000     5.00000     0.00000
    7  !gamma!               3       22     5     6     0     0    -0.00000     0.00002     0.17946     0.17946     0.00000
    8  !e+!                  3      -11     5     6     0     0    -0.00037    -0.00145     4.82054     4.82054     0.00051
    9  !e-!                  3       11     6     7     0     0     0.00038     0.00142    -5.00000     5.00000     0.00051
   10  gamma                 1       22     7     0     0     0    -0.00000     0.00002     0.17946     0.17946     0.00000
   11  (e+)                  2      -11     8     0    15    16    -0.00037    -0.00145     4.82054     4.82054     0.00051
   12  (e-)                  2       11     9     0    17    17     0.00038     0.00142    -5.00000     5.00000     0.00051
   13  gamma                 1       22     1     0     0     0     0.00000     0.00000     0.00000     0.00000     0.00000
   14  gamma                 1       22     2     0     0     0     0.00000    -0.00000    -0.00000     0.00000     0.00000
   15  e+                    1      -11    11     0     0     0    -0.00048    -0.00094     4.82009     4.82009     0.00051
   16  gamma                 1       22    11     0     0     0     0.00011    -0.00050     0.00030     0.00059     0.00000
   17  e-                    1       11    12     0     0     0     0.00038     0.00142    -4.99985     4.99985     0.00051



                  Event listing (HEP format)            Event:        4

    I  particle/jet     ISTHEP    IDHEP     JMOHEP      JDAHEP    PHEP(1,I)   PHEP(2,I)   PHEP(3,I)   PHEP(4,I)   PHEP(5,I)
    1  !e+!                  3      -11     0     0     0     0     0.00000     0.00000     5.00000     5.00000     0.00051
    2  !e-!                  3       11     0     0     0     0     0.00000     0.00000    -5.00000     5.00000     0.00051
    3  !e+!                  3      -11     1     0     0     0    -0.00000     0.00000     5.00000     5.00000     0.00000
    4  !e-!                  3       11     2     0     0     0    -0.00000    -0.00000    -5.00000     5.00000     0.00000
    5  !e+!                  3      -11     3     0     0     0     0.00000     0.00000     5.00000     5.00000     0.00000
    6  !e-!                  3       11     4     0     0     0     0.00000     0.00000    -5.00000     5.00000     0.00000
    7  !gamma!               3       22     5     6     0     0     0.00001     0.00025     0.00247     0.00248     0.00000
    8  !e+!                  3      -11     5     6     0     0    -0.19250     0.10794     4.99265     4.99752     0.00051
    9  !e-!                  3       11     6     7     0     0     0.19249    -0.10819    -4.99512     4.99999     0.00051
   10  gamma                 1       22     7     0     0     0     0.00001     0.00025     0.00247     0.00248     0.00000
   11  e+                    1      -11     8     0     0     0    -0.19250     0.10794     4.99265     4.99752     0.00051
   12  e-                    1       11     9     0     0     0     0.19249    -0.10819    -4.99512     4.99999     0.00051
   13  gamma                 1       22     1     0     0     0     0.00000    -0.00000     0.00000     0.00000     0.00000
   14  gamma                 1       22     2     0     0     0     0.00000     0.00000    -0.00000     0.00000     0.00000



                  Event listing (HEP format)            Event:        5

    I  particle/jet     ISTHEP    IDHEP     JMOHEP      JDAHEP    PHEP(1,I)   PHEP(2,I)   PHEP(3,I)   PHEP(4,I)   PHEP(5,I)
    1  !e+!                  3      -11     0     0     0     0     0.00000     0.00000     5.00000     5.00000     0.00051
    2  !e-!                  3       11     0     0     0     0     0.00000     0.00000    -5.00000     5.00000     0.00051
    3  !e+!                  3      -11     1     0     0     0    -0.00000     0.00000     5.00000     5.00000     0.00000
    4  !e-!                  3       11     2     0     0     0     0.00000    -0.00000    -5.00000     5.00000     0.00000
    5  !e+!                  3      -11     3     0     0     0     0.00000     0.00000     5.00000     5.00000     0.00000
    6  !e-!                  3       11     4     0     0     0     0.00000     0.00000    -5.00000     5.00000     0.00000
    7  !gamma!               3       22     5     6     0     0     0.03046     0.00696     4.86921     4.86931     0.00000
    8  !e+!                  3      -11     5     6     0     0    -0.22423    -0.21411    -0.06332     0.31644     0.00051
    9  !e-!                  3       11     6     7     0     0     0.19376     0.20715    -4.80589     4.81425     0.00051
   10  gamma                 1       22     7     0     0     0     0.03046     0.00696     4.86921     4.86931     0.00000
   11  e+                    1      -11     8     0     0     0    -0.22423    -0.21411    -0.06332     0.31644     0.00051
   12  e-                    1       11     9     0     0     0     0.19376     0.20715    -4.80589     4.81425     0.00051
   13  gamma                 1       22     1     0     0     0     0.00000    -0.00000     0.00000     0.00000     0.00000
   14  gamma                 1       22     2     0     0     0    -0.00000     0.00000    -0.00000     0.00000     0.00000



                  Event listing (HEP format)            Event:        6

    I  particle/jet     ISTHEP    IDHEP     JMOHEP      JDAHEP    PHEP(1,I)   PHEP(2,I)   PHEP(3,I)   PHEP(4,I)   PHEP(5,I)
    1  !e+!                  3      -11     0     0     0     0     0.00000     0.00000     5.00000     5.00000     0.00051
    2  !e-!                  3       11     0     0     0     0     0.00000     0.00000    -5.00000     5.00000     0.00051
    3  !e+!                  3      -11     1     0     0     0     0.00000    -0.00000     5.00000     5.00000     0.00000
    4  !e-!                  3       11     2     0     0     0     0.00000     0.00000    -5.00000     5.00000     0.00000
    5  !e+!                  3      -11     3     0     0     0     0.00000     0.00000     5.00000     5.00000     0.00000
    6  !e-!                  3       11     4     0     0     0     0.00000     0.00000    -5.00000     5.00000     0.00000
    7  !gamma!               3       22     5     6     0     0     0.00016     0.00029     0.51731     0.51731     0.00000
    8  !e+!                  3      -11     5     6     0     0    -0.00095     0.00400     4.48269     4.48269     0.00051
    9  !e-!                  3       11     6     7     0     0     0.00079    -0.00429    -5.00000     5.00000     0.00051
   10  gamma                 1       22     7     0     0     0     0.00016     0.00029     0.51731     0.51731     0.00000
   11  e+                    1      -11     8     0     0     0    -0.00095     0.00400     4.48269     4.48269     0.00051
   12  e-                    1       11     9     0     0     0     0.00079    -0.00429    -5.00000     5.00000     0.00051
   13  gamma                 1       22     1     0     0     0    -0.00000     0.00000     0.00000     0.00000     0.00000
   14  gamma                 1       22     2     0     0     0    -0.00000    -0.00000    -0.00000     0.00000     0.00000



                  Event listing (HEP format)            Event:        7

    I  particle/jet     ISTHEP    IDHEP     JMOHEP      JDAHEP    PHEP(1,I)   PHEP(2,I)   PHEP(3,I)   PHEP(4,I)   PHEP(5,I)
    1  !e+!                  3      -11     0     0     0     0     0.00000     0.00000     5.00000     5.00000     0.00051
    2  !e-!                  3       11     0     0     0     0     0.00000     0.00000    -5.00000     5.00000     0.00051
    3  !e+!                  3      -11     1     0     0     0    -0.00000     0.00000     5.00000     5.00000     0.00000
    4  !e-!                  3       11     2     0     0     0     0.00000     0.00000    -5.00000     5.00000     0.00000
    5  !e+!                  3      -11     3     0     0     0     0.00000     0.00000     5.00000     5.00000     0.00000
    6  !e-!                  3       11     4     0     0     0     0.00000     0.00000    -5.00000     5.00000     0.00000
    7  !gamma!               3       22     5     6     0     0     0.00232     0.00338     4.41049     4.41050     0.00000
    8  !e+!                  3      -11     5     6     0     0    -0.00489    -0.00384     0.58949     0.58952     0.00051
    9  !e-!                  3       11     6     7     0     0     0.00256     0.00045    -4.99998     4.99998     0.00051
   10  gamma                 1       22     7     0     0     0     0.00232     0.00338     4.41049     4.41050     0.00000
   11  e+                    1      -11     8     0     0     0    -0.00489    -0.00384     0.58949     0.58952     0.00051
   12  e-                    1       11     9     0     0     0     0.00256     0.00045    -4.99998     4.99998     0.00051
   13  gamma                 1       22     1     0     0     0     0.00000    -0.00000     0.00000     0.00000     0.00000
   14  gamma                 1       22     2     0     0     0    -0.00000    -0.00000    -0.00000     0.00000     0.00000



                  Event listing (HEP format)            Event:        8

    I  particle/jet     ISTHEP    IDHEP     JMOHEP      JDAHEP    PHEP(1,I)   PHEP(2,I)   PHEP(3,I)   PHEP(4,I)   PHEP(5,I)
    1  !e+!                  3      -11     0     0     0     0     0.00000     0.00000     5.00000     5.00000     0.00051
    2  !e-!                  3       11     0     0     0     0     0.00000     0.00000    -5.00000     5.00000     0.00051
    3  !e+!                  3      -11     1     0     0     0    -0.00000     0.00000     5.00000     5.00000     0.00000
    4  !e-!                  3       11     2     0     0     0     0.00000     0.00000    -5.00000     5.00000     0.00000
    5  !e+!                  3      -11     3     0     0     0     0.00000     0.00000     5.00000     5.00000     0.00000
    6  !e-!                  3       11     4     0     0     0     0.00000     0.00000    -5.00000     5.00000     0.00000
    7  !gamma!               3       22     5     6     0     0    -0.00003     0.00010     0.20225     0.20225     0.00000
    8  !e+!                  3      -11     5     6     0     0    -0.00013     0.00046     4.79775     4.79775     0.00051
    9  !e-!                  3       11     6     7     0     0     0.00016    -0.00055    -5.00000     5.00000     0.00051
   10  gamma                 1       22     7     0     0     0    -0.00003     0.00010     0.20225     0.20225     0.00000
   11  e+                    1      -11     8     0     0     0    -0.00013     0.00046     4.79775     4.79775     0.00051
   12  e-                    1       11     9     0     0     0     0.00016    -0.00055    -5.00000     5.00000     0.00051
   13  gamma                 1       22     1     0     0     0     0.00000    -0.00000     0.00000     0.00000     0.00000
   14  gamma                 1       22     2     0     0     0    -0.00000    -0.00000    -0.00000     0.00000     0.00000



                  Event listing (HEP format)            Event:        9

    I  particle/jet     ISTHEP    IDHEP     JMOHEP      JDAHEP    PHEP(1,I)   PHEP(2,I)   PHEP(3,I)   PHEP(4,I)   PHEP(5,I)
    1  !e+!                  3      -11     0     0     0     0     0.00000     0.00000     5.00000     5.00000     0.00051
    2  !e-!                  3       11     0     0     0     0     0.00000     0.00000    -5.00000     5.00000     0.00051
    3  !e+!                  3      -11     1     0     0     0    -0.00000     0.00000     5.00000     5.00000     0.00000
    4  !e-!                  3       11     2     0     0     0     0.00000     0.00000    -5.00000     5.00000     0.00000
    5  !e+!                  3      -11     3     0     0     0     0.00000     0.00000     5.00000     5.00000     0.00000
    6  !e-!                  3       11     4     0     0     0     0.00000     0.00000    -5.00000     5.00000     0.00000
    7  !gamma!               3       22     5     6     0     0     0.00013    -0.00003     1.58988     1.58988     0.00000
    8  !e+!                  3      -11     5     6     0     0    -0.00197    -0.00107     3.41012     3.41012     0.00051
    9  !e-!                  3       11     6     7     0     0     0.00184     0.00110    -5.00000     5.00000     0.00051
   10  gamma                 1       22     7     0     0     0     0.00013    -0.00003     1.58988     1.58988     0.00000
   11  e+                    1      -11     8     0     0     0    -0.00197    -0.00107     3.41012     3.41012     0.00051
   12  e-                    1       11     9     0     0     0     0.00184     0.00110    -5.00000     5.00000     0.00051
   13  gamma                 1       22     1     0     0     0     0.00000    -0.00000     0.00000     0.00000     0.00000
   14  gamma                 1       22     2     0     0     0    -0.00000    -0.00000    -0.00000     0.00000     0.00000



                  Event listing (HEP format)            Event:       10

    I  particle/jet     ISTHEP    IDHEP     JMOHEP      JDAHEP    PHEP(1,I)   PHEP(2,I)   PHEP(3,I)   PHEP(4,I)   PHEP(5,I)
    1  !e+!                  3      -11     0     0     0     0     0.00000     0.00000     5.00000     5.00000     0.00051
    2  !e-!                  3       11     0     0     0     0     0.00000     0.00000    -5.00000     5.00000     0.00051
    3  !e+!                  3      -11     1     0     0     0     0.00000    -0.00000     5.00000     5.00000     0.00000
    4  !e-!                  3       11     2     0     0     0    -0.00000     0.00000    -5.00000     5.00000     0.00000
    5  !e+!                  3      -11     3     0     0     0     0.00000     0.00000     5.00000     5.00000     0.00000
    6  !e-!                  3       11     4     0     0     0     0.00000     0.00000    -5.00000     5.00000     0.00000
    7  !gamma!               3       22     5     6     0     0     0.00011    -0.00012     0.92169     0.92169     0.00000
    8  !e+!                  3      -11     5     6     0     0    -0.00092     0.00034     4.07831     4.07831     0.00051
    9  !e-!                  3       11     6     7     0     0     0.00080    -0.00022    -5.00000     5.00000     0.00051
   10  gamma                 1       22     7     0     0     0     0.00011    -0.00012     0.92169     0.92169     0.00000
   11  e+                    1      -11     8     0     0     0    -0.00092     0.00034     4.07831     4.07831     0.00051
   12  e-                    1       11     9     0     0     0     0.00080    -0.00022    -5.00000     5.00000     0.00051
   13  gamma                 1       22     1     0     0     0    -0.00000     0.00000     0.00000     0.00000     0.00000
   14  gamma                 1       22     2     0     0     0     0.00000    -0.00000    -0.00000     0.00000     0.00000

          STDXEND:      25721 words i/o with     9610 efficiency 
