0.35686E-02 0.20074E-04 0.00000E+01 90003 0 0 6904 0.19370E+07 0.00000E+01 0.35686E-02
1 0.0037214 0.00013254 2.2525 0.10872 0.0037214
2 0.0036241 6.9448e-05 1.714 0.11336 0.0036241
3 0.0035867 4.0916e-05 1.443 0.060211 0.0035867
4 0.0036803 0.00012088 2.0773 0.087033 0.0036803
5 0.0034844 6.2841e-05 1.6131 0.10926 0.0034844
6 0.0034883 3.914e-05 1.4193 0.071951 0.0034883
7 0.0034466 0.00013737 2.5208 0.32717 0.0034466
8 0.0036372 7.0538e-05 1.7346 0.11311 0.0036372
9 0.0035973 4.2677e-05 1.5006 0.078564 0.0035973
