


                  Event listing (HEP format)            Event:        1

    I  particle/jet     ISTHEP    IDHEP     JMOHEP      JDAHEP    PHEP(1,I)   PHEP(2,I)   PHEP(3,I)   PHEP(4,I)   PHEP(5,I)
    1  !e+!                  3      -11     0     0     0     0     0.00000     0.00000  6500.00000  6500.00000     0.00051
    2  !e-!                  3       11     0     0     0     0     0.00000     0.00000 -6500.00000  6500.00000     0.00051
    3  !e+!                  3      -11     1     0     0     0    -0.00000     0.00000  6500.00000  6500.00000     0.00000
    4  !e-!                  3       11     2     0     0     0    -0.00000     0.00000 -6500.00000  6500.00000     0.00000
    5  !e+!                  3      -11     3     0     0     0     0.00000     0.00000  6500.00000  6500.00000     0.00000
    6  !e-!                  3       11     4     0     0     0     0.00000     0.00000 -6500.00000  6500.00000     0.00000
    7  !gamma!               3       22     5     6     0     0   506.95423 -2190.16711  6098.86591  6500.00000     0.00000
    8  !gamma!               3       22     5     6     0     0  -506.95423  2190.16711 -6098.86591  6500.00000     0.00000
    9  gamma                 1       22     7     0     0     0   506.95423 -2190.16711  6098.86591  6500.00000     0.00000
   10  gamma                 1       22     8     0     0     0  -506.95423  2190.16711 -6098.86591  6500.00000     0.00000
   11  gamma                 1       22     1     0     0     0     0.00000    -0.00000     0.00000     0.00000     0.00000
   12  gamma                 1       22     2     0     0     0     0.00000    -0.00000    -0.00000     0.00000     0.00000



                  Event listing (HEP format)            Event:        2

    I  particle/jet     ISTHEP    IDHEP     JMOHEP      JDAHEP    PHEP(1,I)   PHEP(2,I)   PHEP(3,I)   PHEP(4,I)   PHEP(5,I)
    1  !e+!                  3      -11     0     0     0     0     0.00000     0.00000  6500.00000  6500.00000     0.00051
    2  !e-!                  3       11     0     0     0     0     0.00000     0.00000 -6500.00000  6500.00000     0.00051
    3  !e+!                  3      -11     1     0     0     0     0.00000    -0.00000  6500.00000  6500.00000     0.00000
    4  !e-!                  3       11     2     0     0     0    -0.00000    -0.00000 -6500.00000  6500.00000     0.00000
    5  !e+!                  3      -11     3     0     0     0     0.00000     0.00000  6500.00000  6500.00000     0.00000
    6  !e-!                  3       11     4     0     0     0     0.00000     0.00000 -6500.00000  6500.00000     0.00000
    7  !gamma!               3       22     5     6     0     0  -958.41201 -1908.27611  6139.21239  6500.00000     0.00000
    8  !gamma!               3       22     5     6     0     0   958.41201  1908.27611 -6139.21239  6500.00000     0.00000
    9  gamma                 1       22     7     0     0     0  -958.41201 -1908.27611  6139.21239  6500.00000     0.00000
   10  gamma                 1       22     8     0     0     0   958.41201  1908.27611 -6139.21239  6500.00000     0.00000
   11  gamma                 1       22     1     0     0     0    -0.00000     0.00000     0.00000     0.00000     0.00000
   12  gamma                 1       22     2     0     0     0     0.00000     0.00000    -0.00000     0.00000     0.00000



                  Event listing (HEP format)            Event:        3

    I  particle/jet     ISTHEP    IDHEP     JMOHEP      JDAHEP    PHEP(1,I)   PHEP(2,I)   PHEP(3,I)   PHEP(4,I)   PHEP(5,I)
    1  !e+!                  3      -11     0     0     0     0     0.00000     0.00000  6500.00000  6500.00000     0.00051
    2  !e-!                  3       11     0     0     0     0     0.00000     0.00000 -6500.00000  6500.00000     0.00051
    3  !e+!                  3      -11     1     0     0     0     0.00000     0.00000  6500.00000  6500.00000     0.00000
    4  !e-!                  3       11     2     0     0     0    -0.00000    -0.00000 -6500.00000  6500.00000     0.00000
    5  !e+!                  3      -11     3     0     0     0     0.00000     0.00000  6500.00000  6500.00000     0.00000
    6  !e-!                  3       11     4     0     0     0     0.00000     0.00000 -6500.00000  6500.00000     0.00000
    7  !gamma!               3       22     5     6     0     0  4627.79646 -3756.63992 -2592.51931  6500.00000     0.00000
    8  !gamma!               3       22     5     6     0     0 -4627.79646  3756.63992  2592.51931  6500.00000     0.00000
    9  gamma                 1       22     7     0     0     0  4627.79646 -3756.63992 -2592.51931  6500.00000     0.00000
   10  gamma                 1       22     8     0     0     0 -4627.79646  3756.63992  2592.51931  6500.00000     0.00000
   11  gamma                 1       22     1     0     0     0    -0.00000    -0.00000     0.00000     0.00000     0.00000
   12  gamma                 1       22     2     0     0     0     0.00000     0.00000    -0.00000     0.00000     0.00000



                  Event listing (HEP format)            Event:        4

    I  particle/jet     ISTHEP    IDHEP     JMOHEP      JDAHEP    PHEP(1,I)   PHEP(2,I)   PHEP(3,I)   PHEP(4,I)   PHEP(5,I)
    1  !e+!                  3      -11     0     0     0     0     0.00000     0.00000  6500.00000  6500.00000     0.00051
    2  !e-!                  3       11     0     0     0     0     0.00000     0.00000 -6500.00000  6500.00000     0.00051
    3  !e+!                  3      -11     1     0     0     0     0.00000     0.00000  6500.00000  6500.00000     0.00000
    4  !e-!                  3       11     2     0     0     0     0.00000    -0.00000 -6500.00000  6500.00000     0.00000
    5  !e+!                  3      -11     3     0     0     0     0.00000     0.00000  6500.00000  6500.00000     0.00000
    6  !e-!                  3       11     4     0     0     0     0.00000     0.00000 -6500.00000  6500.00000     0.00000
    7  !gamma!               3       22     5     6     0     0 -1846.80024   528.47521 -6209.67333  6500.00000     0.00000
    8  !gamma!               3       22     5     6     0     0  1846.80024  -528.47521  6209.67333  6500.00000     0.00000
    9  gamma                 1       22     7     0     0     0 -1846.80024   528.47521 -6209.67333  6500.00000     0.00000
   10  gamma                 1       22     8     0     0     0  1846.80024  -528.47521  6209.67333  6500.00000     0.00000
   11  gamma                 1       22     1     0     0     0    -0.00000    -0.00000     0.00000     0.00000     0.00000
   12  gamma                 1       22     2     0     0     0    -0.00000     0.00000    -0.00000     0.00000     0.00000



                  Event listing (HEP format)            Event:        5

    I  particle/jet     ISTHEP    IDHEP     JMOHEP      JDAHEP    PHEP(1,I)   PHEP(2,I)   PHEP(3,I)   PHEP(4,I)   PHEP(5,I)
    1  !e+!                  3      -11     0     0     0     0     0.00000     0.00000  6500.00000  6500.00000     0.00051
    2  !e-!                  3       11     0     0     0     0     0.00000     0.00000 -6500.00000  6500.00000     0.00051
    3  !e+!                  3      -11     1     0     0     0    -0.00000    -0.00000  6500.00000  6500.00000     0.00000
    4  !e-!                  3       11     2     0     0     0    -0.00000     0.00000 -6500.00000  6500.00000     0.00000
    5  !e+!                  3      -11     3     0     0     0     0.00000     0.00000  6500.00000  6500.00000     0.00000
    6  !e-!                  3       11     4     0     0     0     0.00000     0.00000 -6500.00000  6500.00000     0.00000
    7  !gamma!               3       22     5     6     0     0  -243.24356 -3792.87617 -5273.03735  6500.00000     0.00000
    8  !gamma!               3       22     5     6     0     0   243.24356  3792.87617  5273.03735  6500.00000     0.00000
    9  gamma                 1       22     7     0     0     0  -243.24356 -3792.87617 -5273.03735  6500.00000     0.00000
   10  gamma                 1       22     8     0     0     0   243.24356  3792.87617  5273.03735  6500.00000     0.00000
   11  gamma                 1       22     1     0     0     0     0.00000     0.00000     0.00000     0.00000     0.00000
   12  gamma                 1       22     2     0     0     0     0.00000    -0.00000    -0.00000     0.00000     0.00000



                  Event listing (HEP format)            Event:        6

    I  particle/jet     ISTHEP    IDHEP     JMOHEP      JDAHEP    PHEP(1,I)   PHEP(2,I)   PHEP(3,I)   PHEP(4,I)   PHEP(5,I)
    1  !e+!                  3      -11     0     0     0     0     0.00000     0.00000  6500.00000  6500.00000     0.00051
    2  !e-!                  3       11     0     0     0     0     0.00000     0.00000 -6500.00000  6500.00000     0.00051
    3  !e+!                  3      -11     1     0     0     0    -0.00000    -0.00000  6500.00000  6500.00000     0.00000
    4  !e-!                  3       11     2     0     0     0     0.00000    -0.00000 -6500.00000  6500.00000     0.00000
    5  !e+!                  3      -11     3     0     0     0     0.00000     0.00000  6500.00000  6500.00000     0.00000
    6  !e-!                  3       11     4     0     0     0     0.00000     0.00000 -6500.00000  6500.00000     0.00000
    7  !gamma!               3       22     5     6     0     0 -3674.45228  4431.42019 -2613.30616  6322.06086     0.00000
    8  !gamma!               3       22     5     6     0     0   -41.50123    12.22205  -223.74589   227.89022     0.00000
    9  !gamma!               3       22     6     7     0     0  3715.95351 -4443.64223  2837.05204  6450.04892     0.00000
   10  gamma                 1       22     7     0     0     0 -3674.45228  4431.42019 -2613.30616  6322.06086     0.00000
   11  gamma                 1       22     8     0     0     0   -41.50123    12.22205  -223.74589   227.89022     0.00000
   12  gamma                 1       22     9     0     0     0  3715.95351 -4443.64223  2837.05204  6450.04892     0.00000
   13  gamma                 1       22     1     0     0     0     0.00000     0.00000     0.00000     0.00000     0.00000
   14  gamma                 1       22     2     0     0     0    -0.00000     0.00000    -0.00000     0.00000     0.00000



                  Event listing (HEP format)            Event:        7

    I  particle/jet     ISTHEP    IDHEP     JMOHEP      JDAHEP    PHEP(1,I)   PHEP(2,I)   PHEP(3,I)   PHEP(4,I)   PHEP(5,I)
    1  !e+!                  3      -11     0     0     0     0     0.00000     0.00000  6500.00000  6500.00000     0.00051
    2  !e-!                  3       11     0     0     0     0     0.00000     0.00000 -6500.00000  6500.00000     0.00051
    3  !e+!                  3      -11     1     0     0     0    -0.00000     0.00000  6500.00000  6500.00000     0.00000
    4  !e-!                  3       11     2     0     0     0    -0.00000    -0.00000 -6500.00000  6500.00000     0.00000
    5  !e+!                  3      -11     3     0     0     0     0.00000     0.00000  6500.00000  6500.00000     0.00000
    6  !e-!                  3       11     4     0     0     0     0.00000     0.00000 -6500.00000  6500.00000     0.00000
    7  !gamma!               3       22     5     6     0     0  2908.42211  2311.16532  5333.81624  6500.00000     0.00000
    8  !gamma!               3       22     5     6     0     0 -2908.42211 -2311.16532 -5333.81624  6500.00000     0.00000
    9  gamma                 1       22     7     0     0     0  2908.42211  2311.16532  5333.81624  6500.00000     0.00000
   10  gamma                 1       22     8     0     0     0 -2908.42211 -2311.16532 -5333.81624  6500.00000     0.00000
   11  gamma                 1       22     1     0     0     0     0.00000    -0.00000     0.00000     0.00000     0.00000
   12  gamma                 1       22     2     0     0     0     0.00000     0.00000    -0.00000     0.00000     0.00000



                  Event listing (HEP format)            Event:        8

    I  particle/jet     ISTHEP    IDHEP     JMOHEP      JDAHEP    PHEP(1,I)   PHEP(2,I)   PHEP(3,I)   PHEP(4,I)   PHEP(5,I)
    1  !e+!                  3      -11     0     0     0     0     0.00000     0.00000  6500.00000  6500.00000     0.00051
    2  !e-!                  3       11     0     0     0     0     0.00000     0.00000 -6500.00000  6500.00000     0.00051
    3  !e+!                  3      -11     1     0     0     0    -0.00000    -0.00000  6500.00000  6500.00000     0.00000
    4  !e-!                  3       11     2     0     0     0     0.00000     0.00000 -6500.00000  6500.00000     0.00000
    5  !e+!                  3      -11     3     0     0     0     0.00000     0.00000  6500.00000  6500.00000     0.00000
    6  !e-!                  3       11     4     0     0     0     0.00000     0.00000 -6500.00000  6500.00000     0.00000
    7  !gamma!               3       22     5     6     0     0   469.73000 -1454.55218  6317.72362  6500.00000     0.00000
    8  !gamma!               3       22     5     6     0     0  -469.73000  1454.55218 -6317.72362  6500.00000     0.00000
    9  gamma                 1       22     7     0     0     0   469.73000 -1454.55218  6317.72362  6500.00000     0.00000
   10  gamma                 1       22     8     0     0     0  -469.73000  1454.55218 -6317.72362  6500.00000     0.00000
   11  gamma                 1       22     1     0     0     0     0.00000     0.00000     0.00000     0.00000     0.00000
   12  gamma                 1       22     2     0     0     0    -0.00000    -0.00000    -0.00000     0.00000     0.00000



                  Event listing (HEP format)            Event:        9

    I  particle/jet     ISTHEP    IDHEP     JMOHEP      JDAHEP    PHEP(1,I)   PHEP(2,I)   PHEP(3,I)   PHEP(4,I)   PHEP(5,I)
    1  !e+!                  3      -11     0     0     0     0     0.00000     0.00000  6500.00000  6500.00000     0.00051
    2  !e-!                  3       11     0     0     0     0     0.00000     0.00000 -6500.00000  6500.00000     0.00051
    3  !e+!                  3      -11     1     0     0     0     0.00000     0.00000  6500.00000  6500.00000     0.00000
    4  !e-!                  3       11     2     0     0     0     0.00000    -0.00000 -6500.00000  6500.00000     0.00000
    5  !e+!                  3      -11     3     0     0     0     0.00000     0.00000  6500.00000  6500.00000     0.00000
    6  !e-!                  3       11     4     0     0     0     0.00000     0.00000 -6500.00000  6500.00000     0.00000
    7  !gamma!               3       22     5     6     0     0 -1009.88199  1246.88753  6298.84194  6500.00000     0.00000
    8  !gamma!               3       22     5     6     0     0  1009.88199 -1246.88753 -6298.84194  6500.00000     0.00000
    9  gamma                 1       22     7     0     0     0 -1009.88199  1246.88753  6298.84194  6500.00000     0.00000
   10  gamma                 1       22     8     0     0     0  1009.88199 -1246.88753 -6298.84194  6500.00000     0.00000
   11  gamma                 1       22     1     0     0     0    -0.00000    -0.00000     0.00000     0.00000     0.00000
   12  gamma                 1       22     2     0     0     0    -0.00000     0.00000    -0.00000     0.00000     0.00000



                  Event listing (HEP format)            Event:       10

    I  particle/jet     ISTHEP    IDHEP     JMOHEP      JDAHEP    PHEP(1,I)   PHEP(2,I)   PHEP(3,I)   PHEP(4,I)   PHEP(5,I)
    1  !e+!                  3      -11     0     0     0     0     0.00000     0.00000  6500.00000  6500.00000     0.00051
    2  !e-!                  3       11     0     0     0     0     0.00000     0.00000 -6500.00000  6500.00000     0.00051
    3  !e+!                  3      -11     1     0     0     0     0.00000     0.00000  6500.00000  6500.00000     0.00000
    4  !e-!                  3       11     2     0     0     0     0.00000     0.00000 -6500.00000  6500.00000     0.00000
    5  !e+!                  3      -11     3     0     0     0     0.00000     0.00000  6500.00000  6500.00000     0.00000
    6  !e-!                  3       11     4     0     0     0     0.00000     0.00000 -6500.00000  6500.00000     0.00000
    7  !gamma!               3       22     5     6     0     0  1374.47158  -341.32634  6343.84144  6500.00000     0.00000
    8  !gamma!               3       22     5     6     0     0 -1374.47158   341.32634 -6343.84144  6500.00000     0.00000
    9  gamma                 1       22     7     0     0     0  1374.47158  -341.32634  6343.84144  6500.00000     0.00000
   10  gamma                 1       22     8     0     0     0 -1374.47158   341.32634 -6343.84144  6500.00000     0.00000
   11  gamma                 1       22     1     0     0     0    -0.00000    -0.00000     0.00000     0.00000     0.00000
   12  gamma                 1       22     2     0     0     0    -0.00000    -0.00000    -0.00000     0.00000     0.00000

          STDXEND:     349005 words i/o with     9511 efficiency 
