
HepMC::Version 2.06.09
HepMC::IO_GenEvent-START_EVENT_LISTING
E 0 -1 9.1187600000000003e+01 1.1760000000000000e-01 7.2973525678999996e-03 9999 0 8 1 2 0 1 1.0000000000000000e+00
N 1 "0" 
U GEV CM
C 5.4410000000000007e+00 5.4410000000000007e+00
F 3 22 1.9895500951571427e-03 2.0471441879428572e-02 9.1187600000000003e+01 0 0 0 0
V -1 0 0 0 0 0 0 1 0
P 3 3 0 0 1.3926446758350000e+01 1.3926446758350000e+01 0 21 0 0 -3 1 1 501
V -2 0 0 0 0 0 0 1 0
P 4 22 0 0 -1.4330049706375002e+02 1.4330049706375002e+02 0 21 0 0 -3 0
V -3 0 0 0 0 0 0 2 0
P 5 3 1.2308954550100000e-01 5.7536030523000004e-01 3.5735196270400000e+00 3.6247390308599998e+00 1.4999999999999999e-01 23 0 0 -6 1 1 501
P 6 23 -1.2309741161200000e-01 -5.7539707397399997e-01 -1.3294902613900001e+02 1.5360346533000001e+02 7.6930064183400006e+01 22 0 0 -7 0
V -4 0 0 0 0 0 1 4 0
P 1 2212 0 0 6.9999999371178146e+03 7.0000000000000000e+03 9.3827000000000005e-01 4 0 0 -4 0
P 7 3 2.3590102894402358e+00 5.0176802705088608e-01 1.3828432503779970e+01 1.4037173725869955e+01 0 61 0 0 -1 1 1 501
P 11 2203 -7.3676841113395430e-01 -3.9448492249504896e-01 2.1347691716316313e+03 2.1347694745674098e+03 7.7132999999999996e-01 1 0 0 0 1 2 501
P 12 1 -8.5551154673298679e-01 6.2253279006557194e-03 4.5205257208123840e+03 4.5205258138147037e+03 3.3000000000000002e-01 1 0 0 0 1 1 503
P 13 -3 -7.6673033157329873e-01 -1.1350843245649367e-01 3.3076762450897991e+02 3.3076891054462646e+02 5.0000000000000000e-01 1 0 0 0 1 2 503
V -5 0 0 0 0 0 1 3 0
P 2 2212 0 0 -6.9999999371178146e+03 7.0000000000000000e+03 9.3827000000000005e-01 4 0 0 -5 0
P 8 22 4.4745368447402001e-01 1.3314372919929141e+00 -1.4329350813149455e+02 1.4330039222798004e+02 0 61 0 0 -2 0
P 14 2101 -2.6975415384566931e-01 -1.0429532618778166e+00 -6.6925991255058379e+03 6.6925992372816982e+03 5.7933000000000001e-01 1 0 0 0 1 2 505
P 15 2 -1.7769953062834670e-01 -2.8848403011509699e-01 -1.6399831581944531e+02 1.6399899783771039e+02 3.3000000000000002e-01 1 0 0 0 1 1 505
V -6 0 0 0 0 0 0 1 0
P 9 3 7.3299325704474916e-01 7.0544606206794569e-01 3.5302796468278550e+00 3.6769970962894480e+00 1.4999999999999999e-01 1 0 0 0 1 1 501
V -7 0 0 0 0 0 0 1 0
P 10 23 2.0734505095758049e+00 1.1277315732666824e+00 -1.3299680958171245e+02 1.5366182710661025e+02 7.6930064183400006e+01 62 0 0 -8 0
V -8 0 0 0 0 0 0 2 0
P 16 -13 1.8246187550413048e+01 1.7668773375749659e+01 -8.1278420682879648e+00 2.6667993796035642e+01 1.0565836899900000e-01 1 0 0 0 0
P 17 13 -1.6172737040826668e+01 -1.6541041802510080e+01 -1.2486896751338445e+02 1.2699383331047453e+02 1.0565836900599999e-01 1 0 0 0 0
HepMC::IO_GenEvent-END_EVENT_LISTING
