0.22786E-02 0.17414E-04 0.00000E+01 42003 0 0 7135 0.31300E+07 0.00000E+01 0.22786E-02
1 0.0024363 0.00024058 4.4162 0.24187 0.0024363
2 0.0021556 5.1095e-05 1.4991 0.02571 0.0021556
3 0.0022152 2.955e-05 1.1931 0.013477 0.0022152
4 0.0025463 0.00027029 4.7472 0.31922 0.0025463
5 0.0022604 5.6115e-05 1.57 0.031168 0.0022604
6 0.0023591 3.2198e-05 1.2208 0.014517 0.0023591
7 0.0026786 0.00025064 4.1846 0.17479 0.0026786
8 0.0023056 5.5817e-05 1.5311 0.024863 0.0023056
9 0.0022806 3.124e-05 1.2252 0.015658 0.0022806
