0.66912E+06 0.00000E+01 0.53314E+04 3066003 0 0 5206 0.77800E-02 0.00000E+01 0.66912E+06
1 669580.0 13804.0 7.3759 412950000.0 669580.0
2 670080.0 9986.7 7.5408 491550000.0 670080.0
3 685370.0 7199.1 7.5161 562280000.0 685370.0
4 664240.0 13842.0 7.4558 481390000.0 664240.0
5 652870.0 9689.5 7.5092 468640000.0 652870.0
6 665960.0 7225.8 7.7638 644630000.0 665960.0
7 656400.0 13203.0 7.196 346530000.0 656400.0
8 671970.0 10107.0 7.6105 404180000.0 671970.0
9 667120.0 6864.7 7.3629 552990000.0 667120.0
