0.89599E+06 0.75967E+04 0.52815E+04 1128614 0 0 14503 0.16136E-01 0.00000E+01 0.89599E+06
1 860460.0 13985.0 5.7892 809350000.0 860460.0
2 914830.0 20493.0 11.301 2862600000.0 914830.0
3 938850.0 27045.0 20.568 8387700000.0 938850.0
4 826230.0 72317.0 7.8287 297920000.0 826230.0
5 877910.0 13583.0 1.957 20773000.0 877910.0
6 873830.0 6762.1 1.3843 7971600.0 873830.0
7 1138000.0 104070.0 8.1794 390940000.0 1138000.0
8 915370.0 14383.0 1.9875 26786000.0 915370.0
9 924740.0 7257.0 1.4038 25925000.0 924740.0
